Latitude:	45°32'53" North, 
Longitude:	13°43'48" East

Results for: 	January

Inclination of plane:	 36	 deg.
Orientation (azimuth) of plane:	 0	 deg.
Time		G		Gd		Gc		DNI		DNIc		Td
06:07		0		0		0		0		0		1.3
06:22		0		0		0		0		0		1.4
06:37		0		0		0		0		0		1.6
06:52		0		0		0		0		0		1.7
07:07		0		0		0		0		0		1.9
07:22		0		0		0		0		0		2.0
07:37		0		0		0		0		0		2.2
07:52		19		18		13		0		0		2.4
08:07		72		35		137		98		278		2.6
08:22		105		49		208		130		368		2.8
08:37		139		62		283		158		449		3.0
08:52		169		72		348		182		515		3.2
09:07		196		80		411		201		569		3.4
09:22		222		87		470		217		613		3.6
09:37		246		94		526		230		650		3.8
09:52		268		100		577		241		681		4.0
10:07		288		105		624		250		707		4.2
10:22		306		109		666		257		729		4.4
10:37		322		113		703		264		747		4.7
10:52		335		116		735		269		761		4.9
11:07		347		119		763		273		773		5.1
11:22		356		121		784		276		782		5.3
11:37		363		122		801		279		789		5.4
11:52		367		123		812		280		793		5.6
12:07		370		124		817		281		796		5.8
12:22		370		124		817		281		796		6.0
12:37		367		123		812		280		793		6.1
12:52		363		122		801		279		789		6.3
13:07		356		121		784		276		782		6.4
13:22		347		119		763		273		773		6.5
13:37		335		116		735		269		761		6.6
13:52		322		113		703		264		747		6.7
14:07		306		109		666		257		729		6.8
14:22		288		105		624		250		707		6.8
14:37		268		100		577		241		681		6.9
14:52		246		94		526		230		650		6.9
15:07		222		87		470		217		613		6.9
15:22		196		80		411		201		569		6.9
15:37		169		72		348		182		515		6.8
15:52		139		62		283		158		449		6.8
16:07		105		49		208		130		368		6.7
16:22		28		27		20		0		0		6.6
16:37		19		18		13		0		0		6.5
16:52		0		0		0		0		0		6.3
17:07		0		0		0		0		0		6.1
17:22		0		0		0		0		0		5.9
17:37		0		0		0		0		0		5.6
17:52		0		0		0		0		0		5.4
18:07		0		0		0		0		0		5.1
18:22		0		0		0		0		0		4.7
18:37		0		0		0		0		0		4.4
18:52		0		0		0		0		0		4.0
19:07		0		0		0		0		0		3.5
19:22		0		0		0		0		0		3.1
19:37		0		0		0		0		0		2.5
19:52		0		0		0		0		0		2.0

G: Global irradiance on a fixed plane  (W/m2)
Gd: Diffuse irradiance on a fixed plane  (W/m2)
Gc: Global clear-sky irradiance on a fixed plane  (W/m2)
DNI: Direct normal irradiance   (W/m2)
DNIc: Clear-sky direct normal irradiance  (W/m2)
Td: Average daytime temperature profile  (deg. C)

PVGIS (c) European Communities, 2001-2012