Latitude:	45°32'53" North, 
Longitude:	13°43'48" East

Results for: 	December

Inclination of plane:	 36	 deg.
Orientation (azimuth) of plane:	 0	 deg.
Time		G		Gd		Gc		DNI		DNIc		Td
06:07		0		0		0		0		0		3.0
06:22		0		0		0		0		0		3.2
06:37		0		0		0		0		0		3.4
06:52		0		0		0		0		0		3.6
07:07		0		0		0		0		0		3.7
07:22		0		0		0		0		0		3.9
07:37		0		0		0		0		0		4.1
07:52		0		0		0		0		0		4.3
08:07		20		19		15		0		0		4.5
08:22		81		36		157		107		290		4.7
08:37		114		49		228		139		376		4.9
08:52		148		62		301		166		450		5.0
09:07		176		70		364		189		512		5.2
09:22		203		78		424		207		562		5.4
09:37		228		84		480		223		604		5.6
09:52		251		90		531		236		638		5.8
10:07		271		95		578		246		667		6.0
10:22		290		100		620		255		691		6.1
10:37		306		103		657		262		711		6.3
10:52		320		107		689		268		727		6.5
11:07		331		109		716		273		740		6.6
11:22		341		111		738		277		750		6.8
11:37		348		113		754		279		757		6.9
11:52		352		114		765		281		762		7.1
12:07		355		114		771		282		764		7.2
12:22		355		114		771		282		764		7.3
12:37		352		114		765		281		762		7.4
12:52		348		113		754		279		757		7.5
13:07		341		111		738		277		750		7.6
13:22		331		109		716		273		740		7.7
13:37		320		107		689		268		727		7.7
13:52		306		103		657		262		711		7.8
14:07		290		100		620		255		691		7.8
14:22		271		95		578		246		667		7.9
14:37		251		90		531		236		638		7.9
14:52		228		84		480		223		604		7.9
15:07		203		78		424		207		562		7.9
15:22		176		70		364		189		512		7.8
15:37		148		62		301		166		450		7.8
15:52		114		49		228		139		376		7.7
16:07		81		36		157		107		290		7.6
16:22		20		19		15		0		0		7.5
16:37		0		0		0		0		0		7.4
16:52		0		0		0		0		0		7.2
17:07		0		0		0		0		0		7.0
17:22		0		0		0		0		0		6.9
17:37		0		0		0		0		0		6.6
17:52		0		0		0		0		0		6.4
18:07		0		0		0		0		0		6.2
18:22		0		0		0		0		0		5.9
18:37		0		0		0		0		0		5.6
18:52		0		0		0		0		0		5.2
19:07		0		0		0		0		0		4.9
19:22		0		0		0		0		0		4.5
19:37		0		0		0		0		0		4.1
19:52		0		0		0		0		0		3.6

G: Global irradiance on a fixed plane  (W/m2)
Gd: Diffuse irradiance on a fixed plane  (W/m2)
Gc: Global clear-sky irradiance on a fixed plane  (W/m2)
DNI: Direct normal irradiance   (W/m2)
DNIc: Clear-sky direct normal irradiance  (W/m2)
Td: Average daytime temperature profile  (deg. C)

PVGIS (c) European Communities, 2001-2012