Latitude:	45°32'53" North, 
Longitude:	13°43'48" East

Results for: 	April

Inclination of plane:	 36	 deg.
Orientation (azimuth) of plane:	 0	 deg.
Time		G		Gd		Gc		DNI		DNIc		Td
05:37		15		15		11		0		0		-
05:52		30		30		22		0		0		-
06:07		44		44		33		0		0		8.5
06:22		69		58		60		159		276		8.9
06:37		100		73		99		200		347		9.4
06:52		134		88		145		236		408		9.8
07:07		171		102		196		267		462		10.2
07:22		210		116		251		294		509		10.6
07:37		250		128		308		318		551		11.0
07:52		290		140		367		339		587		11.4
08:07		329		151		426		358		619		11.7
08:22		368		161		484		374		648		12.1
08:37		406		170		542		389		674		12.4
08:52		442		178		598		402		696		12.7
09:07		477		184		652		414		716		13.0
09:22		510		191		703		424		734		13.3
09:37		540		196		751		433		750		13.6
09:52		568		200		796		441		764		13.8
10:07		594		204		837		448		776		14.1
10:22		617		207		874		454		786		14.3
10:37		637		210		907		459		795		14.5
10:52		655		212		936		463		803		14.7
11:07		669		214		960		467		809		14.9
11:22		681		215		979		470		814		15.1
11:37		690		216		994		472		817		15.3
11:52		696		217		1000		473		820		15.4
12:07		699		217		1010		474		821		15.6
12:22		699		217		1010		474		821		15.7
12:37		696		217		1000		473		820		15.8
12:52		690		216		994		472		817		15.9
13:07		681		215		979		470		814		15.9
13:22		669		214		960		467		809		16.0
13:37		655		212		936		463		803		16.1
13:52		637		210		907		459		795		16.1
14:07		617		207		874		454		786		16.1
14:22		594		204		837		448		776		16.1
14:37		568		200		796		441		764		16.1
14:52		540		196		751		433		750		16.1
15:07		510		191		703		424		734		16.0
15:22		477		184		652		414		716		16.0
15:37		442		178		598		402		696		15.9
15:52		406		170		542		389		674		15.8
16:07		368		161		484		374		648		15.7
16:22		329		151		426		358		619		15.6
16:37		290		140		367		339		587		15.5
16:52		250		128		308		318		551		15.3
17:07		210		116		251		294		509		15.2
17:22		171		102		196		267		462		15.0
17:37		134		88		145		236		408		14.8
17:52		100		73		99		200		347		14.6
18:07		69		58		60		159		276		14.4
18:22		44		44		33		0		0		14.1
18:37		30		30		22		0		0		13.9
18:52		15		15		11		0		0		13.6
19:07		0		0		0		0		0		13.3
19:22		0		0		0		0		0		13.0
19:37		0		0		0		0		0		12.7
19:52		0		0		0		0		0		12.3

G: Global irradiance on a fixed plane  (W/m2)
Gd: Diffuse irradiance on a fixed plane  (W/m2)
Gc: Global clear-sky irradiance on a fixed plane  (W/m2)
DNI: Direct normal irradiance   (W/m2)
DNIc: Clear-sky direct normal irradiance  (W/m2)
Td: Average daytime temperature profile  (deg. C)

PVGIS (c) European Communities, 2001-2012