Latitude:	45°32'53" North, 
Longitude:	13°43'48" East

Results for: 	March

Inclination of plane:	 36	 deg.
Orientation (azimuth) of plane:	 0	 deg.
Time		G		Gd		Gc		DNI		DNIc		Td
06:07		0		0		0		0		0		3.9
06:22		14		14		10		0		0		4.3
06:37		38		30		36		83		160		4.8
06:52		66		44		71		132		252		5.2
07:07		105		64		125		178		342		5.6
07:22		142		79		181		218		419		6.0
07:37		182		94		241		252		484		6.5
07:52		222		107		303		280		538		6.9
08:07		262		119		366		305		585		7.2
08:22		301		130		429		325		624		7.6
08:37		339		140		491		343		659		8.0
08:52		376		149		552		359		689		8.3
09:07		411		157		610		373		715		8.7
09:22		444		165		665		384		738		9.0
09:37		475		171		717		395		757		9.3
09:52		503		176		766		404		775		9.6
10:07		529		181		810		411		789		9.9
10:22		552		185		850		418		802		10.2
10:37		572		188		886		424		813		10.4
10:52		590		191		917		428		822		10.7
11:07		605		193		943		432		829		10.9
11:22		617		195		964		435		835		11.1
11:37		626		196		979		437		839		11.3
11:52		632		197		990		439		842		11.5
12:07		635		197		995		440		844		11.7
12:22		635		197		995		440		844		11.9
12:37		632		197		990		439		842		12.0
12:52		626		196		979		437		839		12.1
13:07		617		195		964		435		835		12.2
13:22		605		193		943		432		829		12.3
13:37		590		191		917		428		822		12.4
13:52		572		188		886		424		813		12.4
14:07		552		185		850		418		802		12.5
14:22		529		181		810		411		789		12.5
14:37		503		176		766		404		775		12.5
14:52		475		171		717		395		757		12.5
15:07		444		165		665		384		738		12.5
15:22		411		157		610		373		715		12.4
15:37		376		149		552		359		689		12.3
15:52		339		140		491		343		659		12.2
16:07		301		130		429		325		624		12.1
16:22		262		119		366		305		585		12.0
16:37		222		107		303		280		538		11.8
16:52		182		94		241		252		484		11.7
17:07		142		79		181		218		419		11.5
17:22		105		64		125		178		342		11.3
17:37		66		44		71		132		252		11.0
17:52		38		30		36		83		160		10.8
18:07		14		14		10		0		0		10.5
18:22		0		0		0		0		0		10.2
18:37		0		0		0		0		0		9.8
18:52		0		0		0		0		0		9.5
19:07		0		0		0		0		0		9.1
19:22		0		0		0		0		0		8.7
19:37		0		0		0		0		0		8.3
19:52		0		0		0		0		0		7.8

G: Global irradiance on a fixed plane  (W/m2)
Gd: Diffuse irradiance on a fixed plane  (W/m2)
Gc: Global clear-sky irradiance on a fixed plane  (W/m2)
DNI: Direct normal irradiance   (W/m2)
DNIc: Clear-sky direct normal irradiance  (W/m2)
Td: Average daytime temperature profile  (deg. C)

PVGIS (c) European Communities, 2001-2012