Latitude:	45°32'53" North, 
Longitude:	13°43'48" East

Results for: 	July

Inclination of plane:	 36	 deg.
Orientation (azimuth) of plane:	 0	 deg.
Time		G		Gd		Gc		DNI		DNIc		Td
04:52		18		18		15		0		0		-
05:07		31		30		26		0		0		-
05:22		44		43		37		0		0		-
05:37		56		55		47		0		0		-
05:52		68		67		57		0		0		-
06:07		81		71		70		273		346		19.6
06:22		114		83		106		312		395		20.1
06:37		151		96		148		347		439		20.6
06:52		191		108		194		378		479		21.1
07:07		233		119		242		407		515		21.6
07:22		276		130		293		433		548		22.0
07:37		321		141		346		456		577		22.4
07:52		366		150		399		477		604		22.9
08:07		410		159		452		496		628		23.3
08:22		454		167		504		513		650		23.6
08:37		497		174		556		529		669		24.0
08:52		538		181		605		543		687		24.3
09:07		577		187		653		555		703		24.7
09:22		614		191		699		566		717		25.0
09:37		649		196		741		576		730		25.3
09:52		682		199		781		585		741		25.6
10:07		711		203		817		593		751		25.8
10:22		738		205		850		600		760		26.1
10:37		761		207		879		606		767		26.3
10:52		782		209		905		611		774		26.5
11:07		799		210		926		615		779		26.7
11:22		813		211		943		618		783		26.9
11:37		823		212		956		621		786		27.1
11:52		830		213		965		622		788		27.2
12:07		834		213		969		623		789		27.3
12:22		834		213		969		623		789		27.5
12:37		830		213		965		622		788		27.6
12:52		823		212		956		621		786		27.7
13:07		813		211		943		618		783		27.7
13:22		799		210		926		615		779		27.8
13:37		782		209		905		611		774		27.8
13:52		761		207		879		606		767		27.9
14:07		738		205		850		600		760		27.9
14:22		711		203		817		593		751		27.9
14:37		682		199		781		585		741		27.9
14:52		649		196		741		576		730		27.8
15:07		614		191		699		566		717		27.8
15:22		577		187		653		555		703		27.8
15:37		538		181		605		543		687		27.7
15:52		497		174		556		529		669		27.6
16:07		454		167		504		513		650		27.5
16:22		410		159		452		496		628		27.4
16:37		366		150		399		477		604		27.3
16:52		321		141		346		456		577		27.2
17:07		276		130		293		433		548		27.0
17:22		233		119		242		407		515		26.9
17:37		191		108		194		378		479		26.7
17:52		151		96		148		347		439		26.5
18:07		114		83		106		312		395		26.3
18:22		81		71		70		273		346		26.1
18:37		68		67		57		0		0		25.9
18:52		56		55		47		0		0		25.7
19:07		44		43		37		0		0		25.4
19:22		31		30		26		0		0		25.2
19:37		18		18		15		0		0		24.9
19:52		0		0		0		0		0		24.6

G: Global irradiance on a fixed plane  (W/m2)
Gd: Diffuse irradiance on a fixed plane  (W/m2)
Gc: Global clear-sky irradiance on a fixed plane  (W/m2)
DNI: Direct normal irradiance   (W/m2)
DNIc: Clear-sky direct normal irradiance  (W/m2)
Td: Average daytime temperature profile  (deg. C)

PVGIS (c) European Communities, 2001-2012