Latitude:	45°32'53" North, 
Longitude:	13°43'48" East

Results for: 	September

Inclination of plane:	 36	 deg.
Orientation (azimuth) of plane:	 0	 deg.
Time		G		Gd		Gc		DNI		DNIc		Td
06:07		15		15		12		0		0		13.8
06:22		34		30		28		79		127		14.4
06:37		62		48		59		129		207		14.9
06:52		95		64		100		179		287		15.4
07:07		132		79		147		222		356		15.9
07:22		173		94		200		260		417		16.4
07:37		215		108		257		292		469		16.8
07:52		257		121		316		321		514		17.3
08:07		300		134		375		345		554		17.7
08:22		343		145		435		367		588		18.1
08:37		384		155		493		386		619		18.5
08:52		424		164		550		403		646		18.9
09:07		462		172		605		417		669		19.3
09:22		498		180		658		430		690		19.6
09:37		532		186		707		442		708		19.9
09:52		563		191		753		452		724		20.3
10:07		591		196		795		460		738		20.6
10:22		617		200		834		468		750		20.8
10:37		640		203		867		474		760		21.1
10:52		659		206		897		479		769		21.4
11:07		676		208		922		484		776		21.6
11:22		689		210		941		487		782		21.8
11:37		699		211		957		490		786		22.0
11:52		705		212		967		491		788		22.2
12:07		709		212		972		492		790		22.3
12:22		709		212		972		492		790		22.5
12:37		705		212		967		491		788		22.6
12:52		699		211		957		490		786		22.7
13:07		689		210		941		487		782		22.8
13:22		676		208		922		484		776		22.9
13:37		659		206		897		479		769		22.9
13:52		640		203		867		474		760		22.9
14:07		617		200		834		468		750		22.9
14:22		591		196		795		460		738		22.9
14:37		563		191		753		452		724		22.9
14:52		532		186		707		442		708		22.9
15:07		498		180		658		430		690		22.8
15:22		462		172		605		417		669		22.7
15:37		424		164		550		403		646		22.6
15:52		384		155		493		386		619		22.5
16:07		343		145		435		367		588		22.3
16:22		300		134		375		345		554		22.1
16:37		257		121		316		321		514		21.9
16:52		215		108		257		292		469		21.7
17:07		173		94		200		260		417		21.5
17:22		132		79		147		222		356		21.2
17:37		95		64		100		179		287		21.0
17:52		62		48		59		129		207		20.7
18:07		34		30		28		79		127		20.3
18:22		15		15		12		0		0		20.0
18:37		0		0		0		0		0		19.6
18:52		0		0		0		0		0		19.2
19:07		0		0		0		0		0		18.8
19:22		0		0		0		0		0		18.4
19:37		0		0		0		0		0		17.9
19:52		0		0		0		0		0		17.5

G: Global irradiance on a fixed plane  (W/m2)
Gd: Diffuse irradiance on a fixed plane  (W/m2)
Gc: Global clear-sky irradiance on a fixed plane  (W/m2)
DNI: Direct normal irradiance   (W/m2)
DNIc: Clear-sky direct normal irradiance  (W/m2)
Td: Average daytime temperature profile  (deg. C)

PVGIS (c) European Communities, 2001-2012