Latitude:	45°32'53" North, 
Longitude:	13°43'48" East

Results for: 	May

Inclination of plane:	 36	 deg.
Orientation (azimuth) of plane:	 0	 deg.
Time		G		Gd		Gc		DNI		DNIc		Td
05:07		24		24		18		0		0		-
05:22		38		38		29		0		0		-
05:37		52		51		39		0		0		-
05:52		65		64		49		0		0		-
06:07		79		72		60		220		341		14.1
06:22		110		86		97		255		396		14.6
06:37		144		99		140		287		445		15.0
06:52		181		113		187		315		489		15.5
07:07		219		125		237		340		528		15.9
07:22		259		137		290		362		563		16.3
07:37		299		148		345		383		594		16.7
07:52		339		158		400		401		622		17.1
08:07		379		168		455		417		648		17.4
08:22		418		176		510		432		671		17.8
08:37		456		184		563		445		691		18.1
08:52		493		191		615		457		710		18.4
09:07		528		197		665		468		726		18.7
09:22		560		202		712		477		741		19.0
09:37		591		206		757		486		754		19.3
09:52		619		210		798		493		766		19.6
10:07		645		213		836		500		776		19.8
10:22		668		216		870		506		785		20.0
10:37		689		218		900		511		793		20.3
10:52		706		220		927		515		799		20.5
11:07		721		221		949		518		804		20.7
11:22		733		222		967		521		808		20.8
11:37		742		223		980		523		812		21.0
11:52		748		223		989		524		814		21.1
12:07		751		223		994		525		815		21.3
12:22		751		223		994		525		815		21.4
12:37		748		223		989		524		814		21.5
12:52		742		223		980		523		812		21.6
13:07		733		222		967		521		808		21.6
13:22		721		221		949		518		804		21.7
13:37		706		220		927		515		799		21.7
13:52		689		218		900		511		793		21.8
14:07		668		216		870		506		785		21.8
14:22		645		213		836		500		776		21.8
14:37		619		210		798		493		766		21.8
14:52		591		206		757		486		754		21.7
15:07		560		202		712		477		741		21.7
15:22		528		197		665		468		726		21.6
15:37		493		191		615		457		710		21.6
15:52		456		184		563		445		691		21.5
16:07		418		176		510		432		671		21.4
16:22		379		168		455		417		648		21.3
16:37		339		158		400		401		622		21.1
16:52		299		148		345		383		594		21.0
17:07		259		137		290		362		563		20.8
17:22		219		125		237		340		528		20.7
17:37		181		113		187		315		489		20.5
17:52		144		99		140		287		445		20.3
18:07		110		86		97		255		396		20.1
18:22		79		72		60		220		341		19.8
18:37		65		64		49		0		0		19.6
18:52		52		51		39		0		0		19.3
19:07		38		38		29		0		0		19.1
19:22		24		24		18		0		0		18.8
19:37		0		0		0		0		0		18.5
19:52		0		0		0		0		0		18.2

G: Global irradiance on a fixed plane  (W/m2)
Gd: Diffuse irradiance on a fixed plane  (W/m2)
Gc: Global clear-sky irradiance on a fixed plane  (W/m2)
DNI: Direct normal irradiance   (W/m2)
DNIc: Clear-sky direct normal irradiance  (W/m2)
Td: Average daytime temperature profile  (deg. C)

PVGIS (c) European Communities, 2001-2012