Latitude:	45°32'53" North, 
Longitude:	13°43'48" East

Results for: 	November

Inclination of plane:	 36	 deg.
Orientation (azimuth) of plane:	 0	 deg.
Time		G		Gd		Gc		DNI		DNIc		Td
06:07		0		0		0		0		0		6.6
06:22		0		0		0		0		0		6.9
06:37		0		0		0		0		0		7.2
06:52		0		0		0		0		0		7.4
07:07		0		0		0		0		0		7.7
07:22		0		0		0		0		0		8.0
07:37		14		14		12		0		0		8.2
07:52		51		28		87		66		173		8.5
08:07		81		42		145		98		255		8.8
08:22		114		57		214		128		333		9.0
08:37		144		67		276		153		400		9.2
08:52		173		77		338		175		456		9.5
09:07		201		86		397		193		504		9.7
09:22		227		94		453		209		544		9.9
09:37		252		101		506		222		578		10.1
09:52		274		107		555		233		607		10.4
10:07		294		112		601		242		631		10.6
10:22		313		117		641		250		652		10.7
10:37		329		121		678		257		669		10.9
10:52		343		124		709		262		684		11.1
11:07		355		127		736		267		695		11.3
11:22		364		129		757		270		704		11.4
11:37		371		130		773		273		711		11.6
11:52		376		131		784		274		715		11.7
12:07		378		132		789		275		717		11.8
12:22		378		132		789		275		717		11.9
12:37		376		131		784		274		715		12.0
12:52		371		130		773		273		711		12.1
13:07		364		129		757		270		704		12.2
13:22		355		127		736		267		695		12.2
13:37		343		124		709		262		684		12.3
13:52		329		121		678		257		669		12.3
14:07		313		117		641		250		652		12.3
14:22		294		112		601		242		631		12.3
14:37		274		107		555		233		607		12.3
14:52		252		101		506		222		578		12.3
15:07		227		94		453		209		544		12.2
15:22		201		86		397		193		504		12.2
15:37		173		77		338		175		456		12.1
15:52		144		67		276		153		400		12.0
16:07		114		57		214		128		333		11.9
16:22		81		42		145		98		255		11.8
16:37		24		24		21		0		0		11.6
16:52		14		14		12		0		0		11.5
17:07		0		0		0		0		0		11.3
17:22		0		0		0		0		0		11.1
17:37		0		0		0		0		0		10.8
17:52		0		0		0		0		0		10.6
18:07		0		0		0		0		0		10.3
18:22		0		0		0		0		0		10.1
18:37		0		0		0		0		0		9.8
18:52		0		0		0		0		0		9.4
19:07		0		0		0		0		0		9.1
19:22		0		0		0		0		0		8.7
19:37		0		0		0		0		0		8.3
19:52		0		0		0		0		0		7.9

G: Global irradiance on a fixed plane  (W/m2)
Gd: Diffuse irradiance on a fixed plane  (W/m2)
Gc: Global clear-sky irradiance on a fixed plane  (W/m2)
DNI: Direct normal irradiance   (W/m2)
DNIc: Clear-sky direct normal irradiance  (W/m2)
Td: Average daytime temperature profile  (deg. C)

PVGIS (c) European Communities, 2001-2012