Latitude:	45°32'53" North, 
Longitude:	13°43'48" East

Results for: 	August

Inclination of plane:	 36	 deg.
Orientation (azimuth) of plane:	 0	 deg.
Time		G		Gd		Gc		DNI		DNIc		Td
05:22		14		14		12		0		0		-
05:37		27		26		23		0		0		-
05:52		39		39		34		0		0		-
06:07		50		48		42		194		264		18.6
06:22		79		60		75		244		332		19.1
06:37		114		73		116		288		391		19.7
06:52		152		86		162		326		443		20.2
07:07		193		98		213		360		489		20.7
07:22		237		109		267		390		530		21.2
07:37		281		120		322		417		566		21.6
07:52		326		130		379		440		598		22.1
08:07		371		139		436		461		627		22.5
08:22		415		148		492		480		653		22.9
08:37		458		155		548		497		675		23.3
08:52		500		162		601		512		696		23.7
09:07		540		168		653		526		714		24.0
09:22		578		173		702		537		730		24.4
09:37		613		178		748		548		745		24.7
09:52		646		181		791		557		757		25.0
10:07		676		185		830		565		768		25.3
10:22		703		187		866		573		778		25.6
10:37		726		190		897		579		786		25.8
10:52		747		191		925		584		793		26.1
11:07		764		193		948		588		799		26.3
11:22		778		194		966		591		803		26.5
11:37		789		195		980		594		807		26.7
11:52		796		195		990		595		809		26.9
12:07		800		195		994		596		810		27.0
12:22		800		195		994		596		810		27.2
12:37		796		195		990		595		809		27.3
12:52		789		195		980		594		807		27.4
13:07		778		194		966		591		803		27.5
13:22		764		193		948		588		799		27.6
13:37		747		191		925		584		793		27.6
13:52		726		190		897		579		786		27.7
14:07		703		187		866		573		778		27.7
14:22		676		185		830		565		768		27.7
14:37		646		181		791		557		757		27.7
14:52		613		178		748		548		745		27.6
15:07		578		173		702		537		730		27.6
15:22		540		168		653		526		714		27.5
15:37		500		162		601		512		696		27.4
15:52		458		155		548		497		675		27.4
16:07		415		148		492		480		653		27.2
16:22		371		139		436		461		627		27.1
16:37		326		130		379		440		598		27.0
16:52		281		120		322		417		566		26.8
17:07		237		109		267		390		530		26.6
17:22		193		98		213		360		489		26.4
17:37		152		86		162		326		443		26.2
17:52		114		73		116		288		391		26.0
18:07		79		60		75		244		332		25.7
18:22		50		48		42		194		264		25.4
18:37		39		39		34		0		0		25.1
18:52		27		26		23		0		0		24.8
19:07		14		14		12		0		0		24.5
19:22		0		0		0		0		0		24.2
19:37		0		0		0		0		0		23.8
19:52		0		0		0		0		0		23.5

G: Global irradiance on a fixed plane  (W/m2)
Gd: Diffuse irradiance on a fixed plane  (W/m2)
Gc: Global clear-sky irradiance on a fixed plane  (W/m2)
DNI: Direct normal irradiance   (W/m2)
DNIc: Clear-sky direct normal irradiance  (W/m2)
Td: Average daytime temperature profile  (deg. C)

PVGIS (c) European Communities, 2001-2012