Latitude:	45°32'53" North, 
Longitude:	13°43'48" East

Results for: 	October

Inclination of plane:	 36	 deg.
Orientation (azimuth) of plane:	 0	 deg.
Time		G		Gd		Gc		DNI		DNIc		Td
06:07		0		0		0		0		0		11.0
06:22		0		0		0		0		0		11.3
06:37		0		0		0		0		0		11.7
06:52		13		13		10		0		0		12.1
07:07		41		29		49		61		125		12.5
07:22		71		44		92		100		203		12.8
07:37		108		62		150		138		282		13.2
07:52		143		77		207		172		352		13.5
08:07		179		90		267		202		412		13.8
08:22		215		102		327		227		463		14.2
08:37		251		114		387		248		507		14.5
08:52		285		124		446		267		545		14.8
09:07		318		133		503		283		578		15.1
09:22		348		141		557		297		606		15.4
09:37		377		148		608		309		631		15.6
09:52		404		155		656		319		652		15.9
10:07		428		160		700		329		671		16.1
10:22		450		165		740		336		687		16.4
10:37		470		169		775		343		700		16.6
10:52		486		172		806		348		711		16.8
11:07		500		175		831		353		720		17.0
11:22		512		177		852		356		727		17.2
11:37		520		179		868		359		733		17.4
11:52		526		180		878		361		736		17.5
12:07		529		180		884		361		738		17.7
12:22		529		180		884		361		738		17.8
12:37		526		180		878		361		736		17.9
12:52		520		179		868		359		733		18.0
13:07		512		177		852		356		727		18.1
13:22		500		175		831		353		720		18.1
13:37		486		172		806		348		711		18.2
13:52		470		169		775		343		700		18.2
14:07		450		165		740		336		687		18.2
14:22		428		160		700		329		671		18.2
14:37		404		155		656		319		652		18.2
14:52		377		148		608		309		631		18.2
15:07		348		141		557		297		606		18.1
15:22		318		133		503		283		578		18.0
15:37		285		124		446		267		545		18.0
15:52		251		114		387		248		507		17.8
16:07		215		102		327		227		463		17.7
16:22		179		90		267		202		412		17.5
16:37		143		77		207		172		352		17.4
16:52		108		62		150		138		282		17.2
17:07		71		44		92		100		203		16.9
17:22		41		29		49		61		125		16.7
17:37		13		13		10		0		0		16.4
17:52		0		0		0		0		0		16.2
18:07		0		0		0		0		0		15.9
18:22		0		0		0		0		0		15.5
18:37		0		0		0		0		0		15.2
18:52		0		0		0		0		0		14.8
19:07		0		0		0		0		0		14.4
19:22		0		0		0		0		0		14.0
19:37		0		0		0		0		0		13.5
19:52		0		0		0		0		0		13.0

G: Global irradiance on a fixed plane  (W/m2)
Gd: Diffuse irradiance on a fixed plane  (W/m2)
Gc: Global clear-sky irradiance on a fixed plane  (W/m2)
DNI: Direct normal irradiance   (W/m2)
DNIc: Clear-sky direct normal irradiance  (W/m2)
Td: Average daytime temperature profile  (deg. C)

PVGIS (c) European Communities, 2001-2012