Latitude:	45°32'53" North, 
Longitude:	13°43'48" East

Results for: 	February

Inclination of plane:	 36	 deg.
Orientation (azimuth) of plane:	 0	 deg.
Time		G		Gd		Gc		DNI		DNIc		Td
06:07		0		0		0		0		0		1.1
06:22		0		0		0		0		0		1.3
06:37		0		0		0		0		0		1.6
06:52		0		0		0		0		0		1.9
07:07		0		0		0		0		0		2.1
07:22		24		23		19		0		0		2.4
07:37		80		42		110		125		236		2.7
07:52		123		60		176		171		322		3.0
08:07		163		74		238		210		396		3.3
08:22		202		86		302		243		459		3.6
08:37		241		97		364		271		511		3.8
08:52		278		107		426		295		556		4.1
09:07		314		116		485		315		594		4.4
09:22		348		124		541		332		626		4.7
09:37		380		131		594		347		654		5.0
09:52		409		137		644		359		678		5.3
10:07		436		143		689		370		698		5.5
10:22		460		148		730		380		716		5.8
10:37		481		152		767		387		730		6.1
10:52		499		155		798		394		742		6.3
11:07		515		158		825		399		752		6.6
11:22		527		160		846		403		760		6.8
11:37		537		161		862		406		766		7.0
11:52		543		162		873		408		769		7.3
12:07		546		163		878		409		771		7.5
12:22		546		163		878		409		771		7.6
12:37		543		162		873		408		769		7.8
12:52		537		161		862		406		766		8.0
13:07		527		160		846		403		760		8.1
13:22		515		158		825		399		752		8.3
13:37		499		155		798		394		742		8.4
13:52		481		152		767		387		730		8.5
14:07		460		148		730		380		716		8.6
14:22		436		143		689		370		698		8.6
14:37		409		137		644		359		678		8.7
14:52		380		131		594		347		654		8.7
15:07		348		124		541		332		626		8.7
15:22		314		116		485		315		594		8.7
15:37		278		107		426		295		556		8.6
15:52		241		97		364		271		511		8.5
16:07		202		86		302		243		459		8.4
16:22		163		74		238		210		396		8.3
16:37		123		60		176		171		322		8.2
16:52		80		42		110		125		236		8.0
17:07		24		23		19		0		0		7.8
17:22		0		0		0		0		0		7.5
17:37		0		0		0		0		0		7.3
17:52		0		0		0		0		0		7.0
18:07		0		0		0		0		0		6.6
18:22		0		0		0		0		0		6.3
18:37		0		0		0		0		0		5.9
18:52		0		0		0		0		0		5.4
19:07		0		0		0		0		0		5.0
19:22		0		0		0		0		0		4.5
19:37		0		0		0		0		0		3.9
19:52		0		0		0		0		0		3.3

G: Global irradiance on a fixed plane  (W/m2)
Gd: Diffuse irradiance on a fixed plane  (W/m2)
Gc: Global clear-sky irradiance on a fixed plane  (W/m2)
DNI: Direct normal irradiance   (W/m2)
DNIc: Clear-sky direct normal irradiance  (W/m2)
Td: Average daytime temperature profile  (deg. C)

PVGIS (c) European Communities, 2001-2012